accuracy: 0.7668155656730521
precision: 0.29461903832389874
recall: 0.9962596259625962
f1: 0.45475544842824145
true_negatives: 31178
false_positives: 10841
false_negatives: 17
true_positives: 4528
auc: 0.9849211725713376
auprc: 0.8939355698000114
