accuracy: 0.838609226011511
precision: 0.37641478029294273
recall: 0.9951595159515951
f1: 0.5462230541633959
true_negatives: 34526
false_positives: 7493
false_negatives: 22
true_positives: 4523
auc: 0.9882369233615336
auprc: 0.9059269310857112
